Summary - Distribution of Error Codes
        IDs = 2541,2548,3192,3193,3267,4152,4253
              6812,9986,10240,10244,10246,10274,10277,10354,10529,10530,10927,11524,11654,11874,11908,11911,12016,12115,26284,26295,26296,26300,26301,26302,26303,26304
              1608,1757,1998,2326,2344,2754,3368,4235,4514,5417,7946,10948,11253,11254,11255,11257,11259,11391,11392,11668,11670
              455,624,806,1395,1464,1987,1988,1989,1990,2126,2196,2197,2198,2199,2200,2201,2204,2334,2638,2639,2641,2642,2643,2644,2991,2992,3329,3330,3331,3653,4203,4204,4205,4206,4207,4208,4209,4210,4211,4212,4213,4214,4215,4216,4217,4218,4219,4249,4826,4827,4828,4829,4830,4831,4832,4896,5023,5024,5025,5026,5027,5028,5029,5030,5031,5032,5229,5418,5419,5420,5421,5422,5423,5445,5447,5448,6818,7327,8948,9354,9987,10023,11260,11354,11688,12905,13370,19853,26306
              574,580,591,599,604,616,623,628,633,638,649,666,694,698,716,1341,1371,9811,9812,9866,9867,9869,9904,9905,9950,9951,9975,10067

    UNKNOWN_TAG - IdentifyHandler for div.product_interlink = 4 [2541,2548,3192,3193]
    UNKNOWN_TAG - IdentifyHandler for div.row.btm-pad = 1 [3267]
    UNKNOWN_TAG - IdentifyHandler for div.row.news-widget = 2 [4152,4253]
    UNKNOWN_TAG - FAQHandler-CannotExtractQ&A = 2 [1608,5417]
    UNKNOWN_TAG - TBODY has TH cells which is not right = 3 [1757,3368,4514]
    UNKNOWN_TAG - AccordionHandler-ConditionNotMet#5 = 12 [1998,2326,10948,11253,11254,11255,11257,11259,11391,11392,11668,11670]
    UNKNOWN_TAG - IdentifyHandler for h3 = 1 [2344]
    UNKNOWN_TAG - BlockQuoteHandler-ConditionNotMet#1 = 1 [2754]
    UNKNOWN_TAG - IdentifyHandler for div.row.btm-pad = 1 [4235]
    OTHERS - Possible FAQ/RelatedArticles Section found as TEXTs = 26 [6812,9986,10240,10244,10246,10274,10277,10354,10529,10530,10927,11524,11654,11874,11908,11911,12016,12115,26284,26295,26296,26300,26301,26302,26303,26304]
    OTHERS - Possible FAQ/RelatedArticles Section found as TEXTs = 1 [7946]
    NON_CONTENT_NODE = 7 [455,2126,7327,9354,9987,11688,26306]
    UNKNOWN_TAG - IdentifyHandler for p = 6 [624,1464,5229,5445,5448,6818]
    UNKNOWN_TAG - FAQHandler-CannotExtractQ&A = 5 [806,1395,11354,12905,19853]
    UNKNOWN_TAG - Local Link used = 57 [1987,1988,1989,1990,2196,2197,2198,2199,2200,2201,2204,2638,2639,2641,2642,2643,2644,2991,2992,3329,3330,3331,4203,4204,4205,4206,4207,4208,4209,4210,4211,4249,4826,4827,4828,4829,4830,4831,4832,4896,5023,5024,5025,5026,5027,5028,5029,5030,5031,5032,5418,5419,5420,5421,5422,5423,13370]
    UNKNOWN_TAG - ReferencesHandler-CannotExtractReferences = 10 [2334,3653,4212,4213,4214,4215,4216,4217,4218,4219]
    UNKNOWN_TAG - IdentifyHandler for ol = 1 [5447]
    HEADING_HAS_CHILDREN = 2 [8948,10023]
    UNKNOWN_TAG - AccordionHandler-ConditionNotMet#5 = 1 [11260]
    UNKNOWN_TAG - IdentifyHandler for div.col-md-12.useful-links = 19 [574,580,591,599,604,616,623,628,633,638,649,698,716,1341,1371,9866,9867,9869,9905,10067]
    UNKNOWN_TAG - ReferencesHandler-CannotExtractReferences = 2 [666,694]
    UNKNOWN_TAG - Local Link used = 6 [9811,9812,9904,9950,9951,9975]


Final Summary:
Success = 0 : Warning = 0 : Failed = 3537 : Time Taken = 284496
Summary - Distribution of Error Codes
        IDs = 20,25,113,150,162,164,165,166,179,191,203,204,205,210,212,215,241,244,275,276,328,352,358,382,387,394,414,420,423,424,425,426,427,428,432,433,434,439,444,447,448,450,452,453,455,457,461,463,465,466,467,468,469,470,471,472,473,474,475,476,477,478,479,480,481,482,483,484,485,487,488,489,490,493,496,500,501,515,519,525,526,529,539,546,548,549,553,554,557,560,561,562,564,567,568,571,574,576,579,580,581,583,589,591,592,598,599,601,602,603,604,605,606,607,608,609,610,613,615,616,617,618,619,622,623,624,626,628,630,632,633,635,636,638,640,641,642,644,646,648,649,650,654,656,657,658,662,663,666,667,673,681,683,684,686,687,688,689,692,693,694,695,696,698,699,700,701,703,708,710,715,716,719,720,727,733,734,735,743,748,756,792,798,801,802,805,806,807,808,810,811,812,813,814,815,816,817,818,819,820,821,822,823,825,826,827,832,834,835,836,837,838,842,843,846,847,848,850,854,857,858,861,863,864,865,866,867,870,872,873,874,875,876,877,892,896,899,900,902,906,913,922,931,936,937,938,939,940,941,942,943,944,949,991,1005,1006,1009,1010,1014,1015,1016,1018,1063,1064,1065,1098,1099,1102,1103,1104,1105,1106,1107,1110,1111,1112,1113,1114,1115,1116,1118,1119,1120,1121,1122,1123,1126,1127,1128,1129,1130,1132,1133,1134,1136,1137,1138,1140,1141,1142,1144,1145,1146,1148,1149,1151,1152,1153,1154,1182,1200,1220,1221,1222,1223,1224,1225,1229,1230,1231,1232,1233,1234,1238,1239,1240,1241,1242,1243,1245,1247,1248,1249,1250,1251,1252,1256,1258,1260,1286,1298,1312,1314,1325,1327,1332,1334,1338,1341,1345,1348,1351,1354,1355,1357,1358,1362,1363,1368,1371,1376,1389,1392,1393,1394,1395,1403,1404,1423,1425,1447,1448,1449,1451,1452,1453,1454,1456,1464,1471,1473,1482,1483,1487,1490,1492,1494,1499,1504,1505,1506,1508,1509,1510,1524,1529,1551,1554,1555,1563,1567,1570,1573,1575,1583,1584,1604,1607,1608,1609,1610,1612,1616,1618,1624,1625,1631,1640,1641,1643,1645,1646,1648,1650,1657,1660,1661,1662,1663,1671,1673,1677,1679,1683,1693,1700,1704,1705,1706,1707,1708,1709,1710,1711,1712,1713,1714,1715,1716,1717,1718,1719,1720,1721,1722,1728,1730,1731,1732,1733,1734,1735,1736,1737,1738,1739,1740,1741,1742,1746,1748,1749,1751,1752,1753,1755,1756,1757,1759,1760,1761,1762,1763,1768,1770,1771,1772,1773,1782,1785,1786,1787,1795,1835,1837,1848,1850,1856,1863,1869,1885,1888,1889,1890,1893,1894,1895,1896,1897,1902,1903,1910,1915,1926,1927,1966,1967,1987,1988,1989,1990,1994,1995,1996,1998,2003,2005,2006,2007,2008,2009,2010,2014,2016,2017,2018,2019,2021,2022,2023,2024,2025,2026,2027,2032,2034,2039,2041,2044,2046,2047,2051,2057,2076,2125,2126,2128,2129,2137,2161,2164,2165,2186,2191,2192,2193,2194,2196,2197,2198,2199,2200,2201,2204,2205,2268,2275,2277,2280,2295,2307,2324,2325,2326,2327,2332,2334,2337,2339,2344,2346,2347,2348,2349,2351,2352,2353,2354,2355,2356,2357,2358,2359,2360,2371,2373,2376,2400,2405,2430,2447,2448,2455,2457,2488,2489,2538,2541,2548,2553,2568,2571,2572,2573,2579,2583,2586,2588,2589,2601,2638,2639,2641,2642,2643,2644,2645,2646,2649,2650,2651,2660,2662,2665,2666,2667,2668,2669,2670,2671,2672,2673,2674,2675,2676,2677,2678,2679,2721,2732,2745,2751,2754,2758,2759,2763,2770,2771,2772,2773,2779,2780,2783,2788,2791,2792,2793,2794,2795,2796,2798,2799,2800,2805,2807,2820,2840,2855,2876,2879,2885,2889,2891,2894,2899,2902,2903,2904,2905,2906,2912,2916,2918,2927,2934,2936,2940,2943,2954,2964,2965,2972,2973,2975,2976,2978,2979,2980,2991,2992,2993,2994,2995,2996,2997,2998,3002,3006,3009,3016,3018,3019,3021,3022,3023,3024,3028,3037,3042,3072,3075,3076,3077,3078,3079,3080,3081,3082,3083,3084,3085,3086,3087,3088,3089,3090,3091,3092,3093,3094,3095,3096,3097,3103,3107,3119,3142,3143,3158,3159,3161,3164,3165,3166,3175,3192,3193,3213,3216,3218,3222,3250,3259,3260,3261,3262,3263,3264,3265,3266,3267,3268,3269,3270,3271,3272,3273,3274,3275,3276,3277,3278,3279,3280,3281,3282,3283,3284,3285,3286,3287,3288,3289,3290,3306,3307,3308,3313,3314,3315,3316,3320,3329,3330,3331,3332,3333,3334,3339,3363,3364,3365,3366,3367,3368,3369,3371,3372,3373,3385,3404,3409,3410,3411,3412,3413,3414,3437,3455,3456,3465,3466,3467,3468,3469,3472,3480,3482,3491,3498,3499,3501,3513,3519,3521,3532,3538,3553,3556,3564,3565,3566,3567,3568,3569,3570,3571,3572,3573,3579,3586,3589,3590,3592,3593,3594,3598,3601,3626,3632,3634,3640,3642,3647,3652,3653,3655,3665,3666,3672,3674,3676,3679,3681,3682,3683,3685,3686,3690,3698,3715,3718,3720,3722,3725,3734,3736,3747,3748,3750,3755,3764,3765,3768,3771,3802,3808,3809,3816,3821,3831,3843,3862,3863,3873,3880,3881,3884,3885,3886,3887,3888,3889,3890,3891,3892,3893,3894,3895,3929,3930,3951,3957,3958,3960,3963,3964,3966,3967,3976,3977,3978,3982,3984,3987,3998,3999,4001,4007,4011,4013,4015,4025,4027,4045,4051,4052,4053,4067,4081,4088,4089,4090,4091,4092,4115,4118,4119,4122,4123,4124,4125,4126,4147,4148,4151,4152,4154,4155,4177,4183,4202,4203,4204,4205,4206,4207,4208,4209,4210,4211,4212,4213,4214,4215,4216,4217,4218,4219,4222,4224,4225,4227,4229,4234,4235,4249,4250,4251,4252,4253,4254,4255,4257,4259,4260,4311,4332,4344,4346,4347,4351,4362,4363,4364,4365,4366,4368,4369,4381,4383,4384,4385,4386,4387,4388,4389,4390,4391,4421,4428,4447,4478,4489,4493,4502,4505,4506,4508,4510,4511,4513,4514,4515,4516,4517,4518,4520,4521,4566,4567,4571,4576,4577,4587,4588,4593,4603,4605,4606,4609,4618,4642,4648,4650,4653,4654,4655,4656,4657,4658,4659,4660,4661,4662,4663,4664,4665,4666,4667,4668,4669,4672,4677,4732,4734,4735,4738,4749,4777,4802,4826,4827,4828,4829,4830,4831,4832,4833,4837,4838,4842,4843,4844,4845,4847,4848,4849,4850,4851,4853,4854,4855,4858,4859,4861,4862,4866,4880,4889,4892,4893,4896,4899,4901,4911,4912,4923,4925,4929,4931,4932,4940,4941,4942,4945,4983,4988,4994,4995,5004,5007,5023,5024,5025,5026,5027,5028,5029,5030,5031,5032,5033,5034,5035,5036,5037,5038,5039,5040,5041,5042,5043,5044,5045,5047,5048,5049,5050,5051,5052,5053,5058,5059,5060,5064,5067,5082,5093,5111,5113,5114,5118,5119,5123,5124,5125,5126,5127,5131,5139,5140,5141,5143,5150,5153,5162,5163,5179,5183,5190,5193,5194,5195,5196,5197,5198,5202,5220,5225,5229,5231,5236,5262,5277,5278,5279,5280,5281,5283,5284,5285,5288,5289,5290,5291,5292,5293,5294,5295,5296,5297,5298,5299,5300,5301,5302,5309,5310,5311,5315,5318,5321,5324,5326,5327,5329,5334,5340,5342,5345,5367,5416,5417,5418,5419,5420,5421,5422,5423,5424,5425,5426,5433,5434,5445,5447,5448,5450,5452,5454,5459,5460,5461,5469,5480,5485,5489,5492,5496,5501,5506,5511,5514,5515,5517,5530,5532,5533,5534,5537,5540,5543,5546,5549,5551,5552,5553,5554,5555,5556,5557,5559,5560,5561,5564,5565,5566,5567,5568,5569,5571,5573,5574,5576,5577,5578,5579,5581,5582,5583,5584,5585,5593,5618,5628,5643,5646,5647,5648,5649,5650,5651,5652,5653,5655,5671,5673,5684,5688,5698,5699,5700,5701,5702,5703,5704,5721,5730,5731,5732,5733,5734,5735,5736,5737,5740,5744,5759,5765,5769,5770,5771,5782,5783,5784,5786,5787,5790,5793,5794,5807,5809,5810,5811,5812,5816,5833,5842,5843,5849,5854,5855,5864,5872,5874,5888,5890,5904,5906,5909,5912,5930,5931,5933,5935,5938,5950,5966,5970,5984,5985,5986,5987,5995,5996,5997,6001,6002,6003,6011,6037,6046,6049,6056,6057,6060,6062,6085,6089,6090,6092,6093,6100,6101,6132,6142,6143,6160,6162,6165,6168,6172,6174,6185,6197,6200,6201,6202,6213,6214,6215,6216,6217,6218,6220,6221,6225,6237,6239,6242,6250,6258,6259,6261,6262,6263,6280,6287,6296,6300,6302,6312,6313,6314,6316,6317,6319,6321,6322,6352,6360,6361,6364,6366,6368,6369,6373,6374,6378,6382,6383,6384,6397,6399,6400,6401,6404,6405,6406,6408,6409,6410,6411,6412,6414,6415,6416,6417,6418,6419,6421,6426,6427,6428,6429,6430,6431,6437,6443,6444,6445,6446,6447,6448,6449,6450,6451,6453,6454,6457,6465,6474,6496,6497,6500,6505,6514,6515,6516,6519,6537,6599,6636,6637,6673,6685,6694,6714,6748,6749,6752,6753,6754,6755,6759,6767,6769,6776,6778,6779,6784,6785,6793,6794,6795,6796,6797,6798,6799,6800,6801,6802,6803,6805,6807,6808,6812,6818,6823,6831,6832,6834,6845,6847,6850,6858,6870,6873,6902,6903,6904,6905,6907,6908,6909,6938,6939,6945,6946,6951,6952,6965,6973,6974,6977,6978,6982,6988,6990,6991,7004,7007,7009,7026,7027,7046,7048,7060,7084,7086,7089,7091,7092,7093,7111,7128,7131,7132,7137,7138,7141,7152,7157,7161,7178,7207,7232,7243,7244,7265,7266,7267,7275,7276,7277,7278,7283,7284,7286,7317,7327,7339,7353,7354,7355,7356,7358,7359,7360,7361,7362,7396,7404,7405,7406,7407,7408,7409,7410,7411,7415,7420,7422,7445,7446,7447,7449,7451,7465,7486,7495,7511,7521,7528,7534,7544,7545,7584,7590,7613,7616,7623,7625,7626,7628,7631,7635,7640,7642,7664,7666,7695,7699,7705,7709,7710,7712,7714,7716,7719,7725,7726,7731,7732,7734,7735,7736,7737,7738,7743,7749,7767,7769,7774,7797,7800,7809,7810,7811,7816,7817,7818,7819,7822,7824,7854,7857,7860,7865,7866,7867,7868,7870,7872,7900,7906,7907,7908,7915,7916,7917,7919,7920,7937,7938,7941,7942,7946,7962,7966,7969,7970,7972,7975,7976,7983,7987,7988,7989,7996,7997,7998,8000,8007,8010,8011,8014,8019,8020,8022,8027,8061,8063,8107,8108,8109,8110,8112,8120,8124,8125,8158,8178,8180,8185,8227,8229,8230,8231,8233,8235,8243,8245,8266,8281,8293,8299,8301,8308,8313,8324,8326,8329,8332,8345,8352,8353,8359,8360,8364,8368,8369,8375,8376,8377,8383,8384,8385,8388,8389,8396,8397,8399,8400,8415,8419,8434,8436,8459,8462,8474,8512,8514,8515,8518,8524,8525,8526,8551,8573,8574,8605,8607,8622,8623,8655,8661,8668,8694,8721,8722,8723,8724,8725,8726,8733,8737,8742,8753,8777,8794,8802,8820,8827,8856,8884,8886,8887,8902,8906,8918,8925,8932,8948,8949,8974,9016,9033,9059,9101,9110,9148,9160,9203,9225,9271,9273,9275,9292,9297,9311,9326,9331,9342,9343,9344,9345,9347,9349,9350,9352,9354,9361,9363,9364,9365,9366,9369,9371,9372,9379,9384,9417,9418,9422,9423,9425,9426,9427,9429,9435,9436,9458,9460,9485,9489,9493,9499,9501,9503,9504,9506,9508,9512,9529,9532,9537,9545,9548,9552,9566,9597,9607,9614,9617,9619,9622,9629,9631,9645,9653,9658,9659,9669,9672,9682,9685,9688,9694,9718,9720,9721,9722,9723,9724,9729,9734,9739,9740,9768,9775,9776,9791,9808,9809,9810,9811,9812,9819,9825,9850,9851,9853,9854,9860,9864,9865,9866,9867,9868,9869,9874,9875,9891,9902,9904,9905,9912,9916,9917,9918,9927,9932,9939,9943,9944,9949,9950,9951,9952,9953,9954,9972,9975,9976,9977,9978,9979,9980,9982,9983,9984,9985,9986,9987,9988,10017,10019,10023,10025,10029,10030,10034,10047,10056,10057,10058,10059,10060,10067,10069,10070,10071,10072,10073,10074,10075,10076,10077,10082,10083,10102,10103,10104,10120,10214,10218,10221,10233,10234,10239,10240,10244,10245,10246,10248,10251,10252,10262,10263,10266,10267,10268,10270,10274,10277,10282,10290,10291,10292,10299,10302,10312,10313,10315,10318,10324,10325,10329,10331,10332,10334,10335,10336,10337,10339,10340,10341,10342,10344,10354,10355,10377,10378,10379,10380,10381,10383,10397,10398,10399,10416,10431,10439,10440,10442,10443,10448,10449,10450,10451,10455,10457,10459,10463,10464,10465,10468,10470,10471,10477,10481,10487,10488,10489,10492,10493,10494,10498,10500,10501,10502,10503,10508,10522,10523,10524,10527,10529,10530,10537,10538,10540,10550,10560,10580,10581,10582,10607,10609,10612,10628,10630,10633,10644,10645,10650,10652,10654,10671,10679,10680,10684,10695,10696,10699,10703,10709,10711,10722,10726,10727,10730,10731,10732,10733,10735,10737,10741,10753,10755,10763,10773,10782,10783,10784,10785,10786,10787,10793,10799,10803,10805,10809,10810,10820,10838,10843,10851,10854,10861,10867,10868,10870,10872,10879,10881,10882,10883,10884,10888,10890,10893,10902,10903,10905,10913,10923,10925,10927,10931,10934,10943,10948,10949,10962,10963,10964,10965,10966,10967,10968,10969,10970,10975,10977,10979,10980,10982,10984,10996,10997,11003,11004,11006,11007,11012,11013,11022,11027,11030,11032,11033,11035,11036,11037,11038,11039,11040,11045,11050,11059,11061,11077,11079,11082,11096,11126,11128,11130,11133,11143,11147,11153,11155,11159,11163,11186,11188,11190,11191,11192,11193,11197,11198,11200,11202,11204,11205,11206,11207,11208,11209,11210,11211,11212,11213,11214,11215,11216,11217,11218,11230,11234,11236,11238,11239,11240,11244,11245,11251,11252,11253,11254,11255,11257,11258,11259,11260,11261,11264,11269,11278,11283,11284,11288,11289,11314,11317,11337,11338,11341,11342,11343,11344,11345,11347,11354,11359,11360,11361,11362,11365,11367,11384,11386,11388,11389,11391,11392,11393,11403,11414,11438,11454,11459,11460,11461,11462,11463,11474,11502,11503,11513,11519,11524,11527,11531,11599,11608,11631,11632,11633,11640,11641,11642,11643,11654,11655,11666,11668,11669,11670,11673,11674,11679,11687,11688,11695,11712,11713,11717,11720,11723,11739,11743,11744,11745,11747,11748,11749,11750,11751,11754,11757,11759,11761,11843,11872,11873,11874,11882,11908,11911,11913,11938,11939,11941,11943,11944,11945,11949,11950,11953,11955,11956,11957,11959,11960,11961,11963,11966,11968,11969,11972,11977,11978,11983,11984,11988,11989,11993,11994,11996,11997,11998,11999,12001,12002,12003,12007,12010,12011,12014,12016,12019,12020,12021,12022,12023,12074,12091,12092,12115,12119,12128,12133,12146,12148,12149,12155,12171,12172,12186,12224,12225,12226,12229,12230,12231,12233,12234,12239,12242,12243,12244,12245,12247,12252,12253,12255,12258,12260,12274,12280,12289,12292,12310,12313,12336,12337,12338,12339,12340,12343,12344,12345,12346,12356,12357,12367,12368,12369,12370,12373,12375,12376,12377,12378,12394,12395,12396,12397,12398,12400,12402,12416,12446,12461,12462,12463,12464,12465,12466,12484,12485,12486,12487,12488,12497,12498,12520,12523,12559,12560,12632,12633,12635,12636,12637,12638,12643,12647,12656,12657,12658,12659,12660,12661,12662,12663,12664,12665,12666,12667,12668,12670,12673,12698,12710,12714,12743,12744,12745,12746,12747,12748,12749,12750,12755,12760,12761,12770,12777,12778,12779,12780,12782,12798,12801,12802,12804,12815,12829,12838,12867,12874,12876,12877,12880,12887,12893,12895,12896,12897,12900,12901,12905,12914,12915,12929,12930,12931,12932,12934,12935,12936,12937,12938,12939,12940,12941,12942,12946,12959,12962,12963,12964,12965,12970,12971,12973,13022,13030,13037,13082,13084,13315,13318,13334,13347,13348,13359,13370,13429,13509,13510,13578,13611,13616,13617,13618,13621,13642,13643,13645,13646,13647,13650,13659,13770,13771,13778,13779,13790,13791,13795,13796,13798,13799,13802,13803,13805,13806,13808,13809,13811,13812,13817,13891,13905,15103,15298,15428,15686,15713,15717,15723,15751,15817,15821,15844,15847,15868,15872,15885,15890,15903,16195,16491,16554,16556,16566,16668,16681,16691,16694,16697,16706,16720,16732,16773,17424,17933,17976,18168,18170,18172,18176,18178,18246,18247,19168,19341,19420,19422,19433,19434,19435,19436,19443,19444,19445,19451,19458,19459,19460,19464,19472,19478,19480,19545,19553,19561,19582,19588,19617,19618,19619,19733,19736,19846,19850,19853,19856,19872,19874,19877,19882,19883,19884,19885,19899,20005,21006,21043,21044,21045,21514,22018,22019,22423,22439,24272,24299,24310,24327,24336,24341,24348,24359,24388,24389,24390,24392,24393,24394,24395,24396,24397,24398,24399,24400,24401,24405,24406,24407,24408,24409,24410,24418,24421,24447,24450,24464,24471,24483,24484,24485,24486,24487,24488,24489,24490,24496,24499,24516,24518,24519,24520,24521,24522,24523,24524,24525,24526,24528,24529,24531,24532,24535,24537,24538,24539,24542,24544,24545,24547,24548,24549,24551,24552,24553,24555,24556,24557,24558,24560,24561,24562,24563,24564,24565,24566,24567,24568,24569,24570,24571,24572,24573,24575,24578,24580,24581,24584,24586,24587,24588,24589,24590,24591,24593,24594,24595,24596,24598,24599,24600,24601,24602,24603,24604,24605,24606,24607,24609,24610,24611,24612,24613,24614,24616,24617,24618,24619,24620,24622,24624,24625,24626,24627,24628,24629,24631,24633,24634,24635,24636,24638,24639,24642,24643,24644,24645,24647,24648,24649,24650,24651,24652,24653,24654,24655,24656,24657,24658,24659,24660,24661,24663,24664,24665,24666,24667,24668,24670,24673,24674,24675,24676,24677,24678,24680,24682,24683,24684,24685,24686,24687,24688,24689,24691,24692,24694,24695,24696,24697,24699,24700,24701,24703,24704,24705,24706,24707,24708,24709,24710,24711,24712,24713,24714,24715,24716,24717,24719,24720,24721,24722,24723,24724,24725,24726,24728,24730,24731,24732,24733,24734,24735,24736,24737,24738,24739,24740,24741,24742,24743,24744,24745,24746,24747,24748,24749,24750,24751,24752,24754,24755,24756,24757,24758,24759,24760,24762,24763,24764,24765,24766,24767,24768,24769,24771,24773,24774,24775,24776,24777,24778,24779,24780,24781,24782,24783,24785,24786,24787,24789,24790,24791,24792,24793,24795,24796,24797,24798,24799,24800,24801,24802,24803,24804,24805,24806,24807,24809,24810,24811,24812,24813,24814,24815,24816,24818,24827,24831,24849,24876,24880,24881,24885,24894,24895,24902,24921,24922,24923,24924,24925,24926,24927,24928,24929,24930,24931,24932,24933,24934,24935,24936,24937,24942,24946,24952,24965,24966,24967,24968,24969,24972,24973,24974,24987,24989,25005,25006,25007,25008,25009,25010,25011,25012,25013,25014,25015,25017,25018,25020,25021,25022,25023,25024,25025,25026,25027,25028,25072,25094,25098,25103,25104,25111,25112,25113,25123,25128,25133,25134,25135,25136,25137,25138,25139,25151,25152,25154,25155,25156,25157,25158,25159,25160,25161,25162,25163,25180,25183,25192,25194,25196,25219,25221,25238,25241,25244,25245,25246,25247,25248,25249,25250,25253,25254,25255,25256,25257,25258,25259,25261,25262,25263,25265,25266,25269,25287,25288,25291,25292,25312,25313,25314,25315,25346,25363,25369,25372,25383,25391,25487,25493,25494,25504,25520,25522,25525,25527,25529,25534,25536,25538,25540,25541,25549,25550,25551,25552,25555,25557,25559,25560,25562,25563,25565,25566,25567,25570,25572,25575,25576,25577,25579,25581,25586,25588,25589,25590,25592,25593,25594,25598,25604,25612,25614,25615,25617,25618,25619,25620,25622,25623,25634,25642,25644,25649,25650,25653,25657,25658,25662,25667,25668,25671,25672,25673,25680,25682,25684,25687,25701,25703,25704,25709,25711,25714,25718,25719,25720,25721,25723,25730,25738,25742,25750,25755,25756,25757,25758,25759,25785,25813,25814,25815,25873,25874,25883,25884,25885,25886,25889,25892,25893,25897,25927,25928,25932,25933,25934,25952,25953,25954,25955,25957,25959,25962,25964,25965,25966,25967,25971,25972,25973,25974,25975,25977,25980,25982,25983,25984,25985,25999,26011,26101,26102,26104,26131,26133,26153,26189,26199,26200,26201,26218,26248,26249,26250,26273,26277,26284,26285,26286,26287,26288,26289,26290,26291,26292,26293,26294,26295,26296,26299,26300,26301,26302,26303,26304,26306,26316,26345,26350,26366,26368,26430,26431,26432,26435,26437,26438,26441,26442,26443,26454,26455,26456,26463,26464,26465,26466,26467,26468,26470,26471,26482,26488,26520,26521,26559,26560,26561,26562,26563,26564,26565,26566,26567,26568,26569,26577,26593,26595,26598,26604,26619,26625,26648,26650,26651,26653,26726,26728,26730,26732,26734,26742,26744,26745,26796,26799,26808,26813,26815,26817,26820,26821,26826,26829,26834,26855,26867,26868,26869,26870,26871,26872,26873,26874,26875,26876,26877,26878,26879,26880,26881,26882,26883,26884,26901,26917,26943,26947,26957,26973,26992,26993,26996,26997,27005,27006,27009,27010,27012,27014,27024,27027,27037,27040,27041,27045,27046,27050,27060,27063,27064,27076,27088,27091,27096,27128,27134,27139,27148,27149,27174,27182,27203
    UNKNOWN_TAG - THEAD has TD cells which is not right = 12 [20,601,2840,4672,7048,7699,7705,8027,9768,10733,25346,25738]
    UNKNOWN_TAG - IdentifyHandler for details = 1 [25]
    HEADING_HAS_CHILDREN = 267 [113,191,205,276,328,414,420,439,444,447,453,461,463,519,529,619,686,701,715,858,991,1314,1471,1499,1570,1625,1759,1903,1926,2161,2165,2268,2295,2325,2353,2405,2538,2583,2586,2671,2732,2800,2855,2918,2927,2934,2936,2943,2964,2965,2972,2973,2975,3385,3437,3498,3501,3586,3626,3720,3722,3978,3982,3984,3987,3998,4007,4051,4118,4202,4489,4648,4677,4734,4735,4842,4843,4844,4845,4899,5064,5082,5327,5433,5434,5485,5496,5501,5506,5567,5593,5769,5864,5970,6060,6062,6101,6280,6537,6759,6767,6769,7009,7091,7093,7152,7244,7265,7266,7267,7286,7339,7449,7465,7534,7626,7735,7736,7738,7749,7797,7857,7872,7906,7907,7908,7937,7938,7941,8120,8124,8125,8178,8180,8185,8245,8352,8364,8377,8399,8400,8436,8526,8733,8827,8884,8902,8918,8949,9016,9148,9203,9297,9384,9489,9493,9532,9548,9552,9597,9631,9658,9659,9669,9672,9694,9718,9720,9721,9722,9723,9724,9729,9734,9819,9850,9874,9932,9988,10070,10120,10299,10315,10331,10397,10398,10442,10471,10580,10612,10679,10703,10711,10753,10755,10784,10785,10786,10787,10820,10884,10903,10923,10925,10931,10982,10984,11126,11197,11198,11200,11202,11206,11211,11244,11245,11314,11317,11337,11338,11343,11474,11519,11531,11679,11747,11748,11750,11751,11754,12171,12498,12523,12714,12760,12761,12887,13022,13037,19588,19846,21006,24418,24496,24885,24894,24942,24974,25180,25363,26593,26619,26648,26992,26993,26996,27005,27006,27009,27010,27012,27014,27024,27027,27091,27096,27174]
    NON_CONTENT_NODE = 585 [162,244,352,394,424,428,450,452,496,500,546,598,610,618,684,700,743,792,798,801,802,826,832,899,906,922,1298,1325,1327,1334,1358,1362,1376,1389,1404,1456,1483,1573,1575,1583,1616,1618,1640,1700,1712,1742,1848,1890,1902,2137,2164,2307,2400,2489,2553,2668,2672,2674,2758,2780,2783,2879,2899,2912,2916,2994,3119,3165,3250,3513,3519,3570,3579,3652,3685,3686,3765,3843,3862,3863,3958,3960,3963,3964,3966,3976,3977,4011,4045,4115,4255,4421,4576,4577,4587,4588,4605,4609,4618,4642,4777,4847,4855,4923,4929,4945,5007,5033,5034,5060,5093,5139,5183,5220,5236,5277,5278,5279,5280,5283,5284,5285,5288,5289,5290,5311,5315,5329,5334,5416,5511,5515,5517,5671,5698,5730,5744,5811,5816,5842,5849,5904,5906,5933,6143,6168,6197,6261,6262,6263,6287,6296,6300,6302,6397,6399,6400,6401,6405,6406,6408,6409,6410,6411,6412,6414,6415,6416,6417,6418,6419,6421,6426,6443,6444,6445,6446,6447,6448,6449,6450,6451,6453,6454,6474,6496,6497,6500,6673,6748,6752,6753,6754,6776,6784,6803,6831,6832,6834,6938,6945,6946,7084,7086,7089,7317,7362,7486,7511,7521,7613,7628,7635,7640,7731,7769,7800,7810,7811,7817,7822,7854,7860,7920,7962,7975,7976,7987,7988,7989,8022,8063,8112,8229,8230,8231,8233,8243,8293,8359,8360,8375,8385,8388,8396,8518,8524,8605,8623,8661,8668,8777,8794,8820,8887,8906,8932,9275,9342,9344,9369,9427,9485,9499,9501,9503,9504,9506,9512,9529,9537,9614,9617,9619,9622,9629,9645,9653,9825,9917,9918,9943,9944,9979,9982,9983,9984,10030,10047,10060,10083,10102,10103,10104,10218,10234,10248,10251,10270,10291,10325,10344,10355,10377,10378,10379,10380,10381,10383,10431,10439,10448,10449,10450,10457,10463,10470,10487,10488,10489,10522,10538,10630,10633,10680,10726,10727,10732,10735,10793,10805,10810,10838,10851,10867,10868,10870,10879,10883,10905,10964,11006,11027,11035,11040,11045,11050,11079,11096,11147,11190,11191,11192,11193,11264,11278,11283,11284,11288,11289,11347,11359,11361,11365,11414,11438,11503,11717,11720,11723,11743,11744,11757,11843,11882,11913,12007,12014,12019,12020,12021,12023,12133,12172,12224,12229,12231,12234,12239,12242,12243,12252,12253,12255,12258,12260,12280,12336,12337,12338,12340,12343,12344,12356,12357,12373,12375,12394,12395,12396,12397,12400,12461,12462,12463,12464,12465,12466,12484,12486,12487,12632,12633,12635,12636,12637,12638,12656,12659,12664,12665,12666,12667,12668,12698,12743,12745,12748,12801,12802,12804,12815,12829,12901,12959,12971,13082,13084,13315,13318,13334,13347,13348,13359,15713,19464,19553,19582,19872,19874,19877,19899,22018,22423,24336,24464,24499,24849,24972,24973,25005,25006,25007,25008,25010,25011,25012,25013,25014,25015,25017,25018,25020,25021,25022,25023,25024,25025,25026,25027,25028,25094,25133,25134,25135,25136,25137,25138,25139,25192,25221,25241,25244,25246,25247,25248,25249,25250,25253,25254,25255,25256,25257,25258,25259,25261,25262,25265,25269,25312,25313,25314,25315,25372,25383,25391,25487,25493,25494,25721,25730,25883,25884,25885,25892,25927,25932,25934,26131,26133,26153,26218,26285,26286,26287,26288,26289,26290,26291,26292,26293,26294,26435,26463,26464,26465,26466,26467,26468,26470,26471,26559,26560,26561,26562,26563,26564,26565,26566,26567,26568,26569,26742,26796,26826,26943,27037,27041,27045,27046,27063,27064,27088,27148,27149]
    UNKNOWN_TAG - AccordionHandler-ConditionNotMet#2 = 3 [203,7092,7719]
    UNKNOWN_TAG - IdentifyHandler for h3 = 131 [204,425,501,526,576,681,687,703,748,949,1351,1392,1487,1704,1705,1706,1707,1708,1709,1710,1711,1713,1714,1715,1716,1717,1718,1719,1720,1721,1722,1728,1730,1731,1732,1733,1734,1735,1736,1737,1738,1739,1740,1741,1748,1762,2186,2324,2327,2332,2339,2346,2347,2348,2349,2351,2352,2354,2355,2356,2357,2358,2359,2360,2589,2645,2773,2891,3042,3365,3366,3367,3404,3414,3681,3888,3890,3891,3892,3893,3894,3895,4092,4119,4664,4848,5153,5162,5193,5291,5301,5450,5770,5782,6037,6046,6056,6165,6505,6515,6516,6873,7004,7138,7664,7710,7774,7824,8368,9868,9902,12520,12914,15686,15885,15903,16195,16554,16556,16668,16720,16732,16773,25897,26273,26345,26730,26732,26817,26855,26917]
    UNKNOWN_TAG - FAQHandler-CannotExtractQ&A = 183 [210,212,215,241,423,426,427,433,457,493,515,539,756,819,825,876,1286,1312,1510,1607,1609,1648,1756,1869,2076,2337,2371,2588,2662,2665,2666,2667,2669,2670,2673,2675,2676,2677,2678,2679,2779,2788,2791,2792,2793,2794,2795,2796,2798,2799,2876,2889,2940,3339,3412,3589,3590,3674,3683,3755,3873,3929,3930,4001,4089,4090,4091,4122,4311,4506,4667,4849,4850,4851,4853,4854,4911,4912,4925,4942,5058,5190,5321,5340,5452,5618,5765,5950,6174,6430,6514,6636,6965,7046,7276,7277,7278,7283,7284,7407,7445,7970,7972,7983,7996,7997,7998,8000,8308,8313,8376,8514,8607,8742,9418,9422,9423,9426,9429,9435,9436,9458,9566,9891,9927,10071,10221,10262,10313,10329,10332,10334,10335,10737,10783,10893,11003,11004,11012,11133,11238,11341,11360,11362,11384,11388,11454,11459,11460,11655,11759,12091,12092,12128,12226,12289,12643,12710,19850,24516,24895,24902,26104,26316,26437,26438,26441,26442,26454,26455,26456,26482,26488,26577,26598,26650,26651,26653,26901,26973,26997,27076,27128]
    UNKNOWN_TAG - IdentifyHandler for div.cc-txt-img = 1 [275]
    HTML_PARSE_ERROR = 315 [358,465,525,561,562,589,605,626,641,689,696,734,865,877,931,943,1403,1447,1448,1451,1452,1473,1482,1494,1504,1506,1508,1509,1551,1555,1563,1584,1646,1673,1677,1683,1770,1771,1772,1773,1850,1889,1996,2125,2192,2205,2376,2457,2650,2751,2979,3016,3019,3037,3072,3075,3076,3077,3078,3079,3080,3081,3082,3083,3084,3085,3086,3087,3088,3089,3090,3091,3092,3093,3094,3095,3096,3097,3103,3159,3213,3216,3218,3222,3320,3465,3482,3556,3592,3593,3594,3598,3601,3698,3764,3802,3816,3889,3967,4052,4053,4081,4147,4224,4254,4257,4344,4346,4347,4351,4362,4363,4364,4365,4366,4368,4369,4381,4383,4384,4385,4386,4387,4388,4389,4390,4391,4428,4502,4508,4567,4732,4738,4833,4837,4994,5004,5048,5050,5111,5113,5114,5118,5119,5179,5202,5262,5318,5326,5530,5532,5533,5534,5673,5721,5740,5771,5930,5931,6011,6160,6200,6382,6457,6465,6519,6685,6850,6858,7060,7157,7232,7243,7415,7528,7616,7623,7625,7631,7642,7734,7809,7816,7819,7865,7866,7867,7868,7870,7900,7915,7916,7917,7919,7966,7969,8007,8010,8011,8014,8019,8020,8158,8227,8235,8266,8281,8383,8384,8397,8525,8622,8694,8721,8753,8856,8886,8925,9033,9110,9160,9271,9273,9311,9352,9364,9460,9739,9740,9853,9854,9875,10077,10282,10290,10443,10508,10537,10540,10671,10709,10741,10843,10854,10881,10882,10888,10902,10913,11082,11153,11216,11386,11695,11749,11950,12074,12149,12155,12186,12274,12310,12313,12339,12346,12416,12446,12673,12893,12895,12896,12897,12962,12963,12964,12965,12970,12973,16491,19478,19884,20005,24421,24447,24989,25009,25219,25263,25266,25504,25623,25711,25718,25719,25720,25723,25742,25785,25886,25893,25933,26101,26102,26199,26248,26277,26368,26431,26443,26604,26728,26745,26799,26808,27060]
    UNKNOWN_TAG - IdentifyHandler for div.pad-10r.bg-yellow = 1 [382]
    UNKNOWN_TAG - IdentifyHandler for b = 3 [387,863,866]
    UNKNOWN_TAG - TBODY has TH cells which is not right = 111 [432,602,609,693,708,1423,1554,1567,1749,1751,1752,1753,1910,2191,2572,2573,2646,2649,2763,2978,3107,3175,3373,4067,4332,4478,4505,4571,4650,4889,5067,5759,5783,5843,5888,5938,6982,6990,6991,7007,7137,7275,7408,7409,7410,7411,7422,8107,8108,8109,8110,8299,8301,8345,8353,8369,8415,8419,8459,9059,9363,9365,9366,9371,9372,9508,9545,9607,9775,9776,9791,9808,9810,9864,9865,9949,9952,9953,9954,10017,10503,10581,10695,10722,10861,10980,11007,11013,11022,11061,11128,11239,11389,11502,12402,12744,12746,12747,12782,19618,24831,25098,25589,25592,25650,25653,25814,25815,26249,26299,27040]
    UNKNOWN_TAG - Item has more than 2 children = 16 [434,9972,10025,12230,12233,12398,12485,12488,12657,12658,12660,12661,12662,12663,12749,12750]
    UNKNOWN_TAG - IdentifyHandler for div.arrow-down = 3 [448,3334,5628]
    UNKNOWN_TAG - IdentifyHandler for div.simplified-banner.sm-li-simplified-banner = 24 [466,467,468,469,470,471,472,473,474,475,476,477,478,479,480,481,482,483,485,487,488,489,490,3332]
    UNKNOWN_TAG - AccordionHandler-ConditionNotMet#5 = 10 [554,607,608,615,2759,3308,5469,11666,11669,12345]
    UNKNOWN_TAG - IdentifyHandler for div.col-xs-12.col-sm-6.col-md-4.news-widget.insurance-weekpick.pull-right = 15 [727,896,1449,4510,4511,4513,4566,4995,5225,5560,5564,6049,6427,7128,7714]
    UNKNOWN_TAG - IdentifyHandler for q = 15 [733,1357,2051,3715,8722,8723,8724,8726,9343,11462,12376,26813,26815,26820,26821]
    UNKNOWN_TAG - IdentifyHandler for div.Product_Interlink = 4 [735,1610,1612,1631]
    UNKNOWN_TAG - IdentifyHandler for div.plan-widget = 18 [805,807,808,810,811,812,813,814,815,816,817,818,820,821,822,823,827,3333]
    LPD_CORRUPTED = 553 [834,838,842,846,850,854,861,864,867,870,873,874,875,1014,1015,1016,1018,1063,1064,1065,1098,1099,1102,1103,1104,1105,1106,1107,1110,1111,1112,1113,1114,1115,1116,1118,1119,1120,1121,1122,1123,1126,1127,1128,1129,1134,1136,1137,1138,1140,1141,1142,1144,1145,1146,1148,1149,1151,1152,1153,1154,1182,1200,1220,1221,1222,1223,1224,1225,1229,1230,1231,1232,1233,1234,1238,1239,1240,1241,1242,1243,1245,1247,1248,1249,1250,1251,1252,1256,1258,1260,6202,7354,7355,7356,7358,7359,7360,7361,10029,11955,11977,11983,11984,11989,12011,12559,12560,13429,13509,13510,13578,13611,13616,13617,13618,13621,13642,13643,13645,13646,13647,13650,13659,13770,13771,13778,13779,13790,13791,13795,13796,13798,13799,13802,13803,13805,13806,13808,13809,13811,13812,13817,13891,13905,15103,15298,15428,15751,15817,15821,15844,15847,15868,15872,15890,16566,16681,16691,16694,16697,16706,17424,17933,17976,18168,18170,18172,18176,18178,18246,18247,19168,19341,19420,19422,19433,19434,19435,19436,19443,19444,19445,19451,19458,19459,19460,19480,21043,21044,21045,22439,24299,24310,24327,24341,24359,24450,24483,24484,24485,24486,24488,24489,24490,24518,24519,24520,24521,24522,24523,24524,24525,24526,24528,24529,24531,24532,24535,24537,24538,24539,24542,24544,24545,24547,24548,24549,24551,24552,24553,24555,24556,24557,24558,24560,24561,24562,24563,24564,24565,24566,24567,24568,24569,24570,24571,24572,24573,24575,24578,24580,24581,24584,24586,24587,24588,24589,24590,24591,24593,24594,24595,24596,24598,24599,24600,24601,24602,24603,24604,24605,24606,24607,24609,24610,24611,24612,24613,24614,24616,24617,24618,24619,24620,24622,24624,24625,24626,24627,24628,24629,24631,24633,24634,24635,24636,24638,24639,24642,24643,24644,24645,24647,24648,24649,24650,24651,24652,24653,24654,24655,24656,24657,24658,24659,24660,24661,24663,24664,24665,24666,24667,24668,24670,24673,24674,24675,24676,24677,24678,24680,24682,24683,24684,24685,24686,24687,24688,24689,24691,24692,24694,24695,24696,24697,24699,24700,24701,24703,24704,24705,24706,24707,24708,24709,24710,24711,24712,24713,24714,24715,24716,24717,24719,24720,24721,24722,24723,24724,24725,24726,24728,24730,24731,24732,24733,24734,24735,24736,24737,24738,24739,24740,24741,24742,24743,24744,24745,24746,24747,24748,24749,24750,24751,24752,24754,24755,24756,24757,24758,24759,24760,24762,24763,24764,24765,24766,24767,24768,24769,24771,24773,24774,24775,24776,24777,24778,24779,24780,24781,24782,24783,24785,24786,24787,24789,24790,24791,24792,24793,24795,24796,24797,24798,24799,24800,24801,24802,24803,24804,24805,24806,24807,24809,24810,24811,24812,24813,24814,24815,24816,24818,24876,24921,24922,24923,24924,24925,24926,24927,24928,24929,24930,24931,24932,24933,24934,24935,24936,24937,24946,24965,24966,24967,24968,24969,24987,25103,25104,25111,25112,25113,25123,25128,25151,25152,25154,25155,25156,25157,25158,25159,25160,25161,25162,25163,25194,25196,25369,25755,25756,25757,25758,25759,25873,25889,25928,25952,25953,25954,25955,25957,25959,25962,25964,25965,25966,25967,25971,25972,25973,25974,25975,25977,25980,25982,25983,25984,25985,25999,26350,26726,26734,26867,26868,26869,26870,26871,26872,26873,26874,26875,26876,26877,26878,26879,26880,26881,26882,26883,26884,27203]
    UNKNOWN_TAG - IdentifyHandler for div.row.btm-pad.tli-content-info.product-landing-content.infographics = 4 [835,836,837,1010]
    UNKNOWN_TAG - IdentifyHandler for sub = 1 [843]
    UNKNOWN_TAG - IdentifyHandler for small = 1 [847]
    UNKNOWN_TAG - ReferencesHandler-CannotExtractReferences = 27 [848,1009,2902,2903,2904,2905,2906,5163,5790,5793,5794,6384,6714,7404,7405,7406,7544,7545,7666,12497,13030,19561,24471,25709,26520,26521,26957]
    UNKNOWN_TAG - IdentifyHandler for div.container = 12 [857,872,3472,3491,3499,3538,3553,3718,3725,3734,6637,10239]
    UNKNOWN_TAG - DeprecatedTOCHandlerVariant_ProductsInvest-ConditionNotMet#1 = 13 [892,1915,3679,3682,3821,6870,10252,10266,10267,10268,10550,10560,24348]
    UNKNOWN_TAG - IdentifyHandler for div.row.btm-pad = 5 [900,902,913,11761,12292]
    UNKNOWN_TAG - IdentifyHandler for div.sitemap = 36 [936,937,938,939,940,941,942,944,1693,1856,2128,2129,2277,2488,5053,5150,5231,5309,5310,5342,5459,5460,5461,5872,5874,7584,8573,8574,9292,9326,9331,9347,9851,10312,10890,12010]
    UNKNOWN_TAG - IdentifyHandler for div.lp-related-info = 18 [1005,1133,1661,1663,1679,1795,1837,2275,2280,4252,5556,6213,6214,6215,6216,6217,6218,6366]
    UNKNOWN_TAG - IdentifyHandler for div.row.btm-pad.tli-content-info.product-landing-content = 2 [1006,1835]
    UNKNOWN_TAG - IdentifyHandler for div.col-md-12.tcenter = 2 [1130,1657]
    UNKNOWN_TAG - Local Link used = 49 [1132,1660,1893,1896,1897,2998,3480,5514,5551,5552,5553,5554,5555,5557,5559,5561,5565,5566,5688,6428,6755,6805,6807,6808,8974,10056,10057,10058,10059,10069,10072,10074,10214,10763,10799,10979,11077,11159,11393,11403,11513,11687,11712,11713,12244,12245,12247,12647,12867]
    UNKNOWN_TAG - IdentifyHandler for div.row.document-list = 1 [1354]
    UNKNOWN_TAG - IdentifyHandler for div.ct-img-web-banner = 11 [1368,1782,1785,1786,1787,2660,2894,3028,5426,10399,11188]
    UNKNOWN_TAG - CTAHandlerVariant_ProductLandingBlock-ConditionNotMet#1 = 2 [1393,1394]
    UNKNOWN_TAG - IdentifyHandler for div.modal.fade.bs-example-modal-lg = 12 [1425,1492,1888,4151,5489,5935,6057,6250,7451,9349,9350,25525]
    UNKNOWN_TAG - IdentifyHandler for h1 = 17 [1453,1454,1863,7396,8725,12146,12148,12838,19733,22019,25238,25245,25575,25619,25667,25684,26595]
    UNKNOWN_TAG - AccordionHandler-ConditionNotMet#1 = 22 [1490,1641,2651,2805,3018,3022,3314,3642,5367,11204,11205,11207,11208,11209,11210,11212,11213,11214,11215,11217,11218,11230]
    UNKNOWN_TAG - More than one Header Row was found which is not right = 1 [1505]
    DOM_EMPTY = 1 [1529]
    UNKNOWN_TAG - IdentifyHandler for div.row.btm-pad.news-widget = 6 [1624,3290,4493,5909,6201,6431]
    UNKNOWN_TAG - IdentifyHandler for div.col-md-4.pull-right.tb-pad-10 = 8 [1643,1645,1650,3676,3736,3768,3771,10233]
    UNKNOWN_TAG - IdentifyHandler for figure.pull-right = 7 [1662,10996,10997,11036,11163,11344,11345]
    UNKNOWN_TAG - IdentifyHandler for div.pull-right.top-pad.btm-pad.t.ax-img-responsive = 1 [1760]
    UNKNOWN_TAG - Unknown attribute given - 10,available,exemptions,under,section,of,the,income,tax,actong = 1 [1761]
    UNKNOWN_TAG - Unknown attribute given - data-parent,data-toggle = 8 [1966,1967,3158,3161,3164,3166,4259,7590]
    UNKNOWN_TAG - IdentifyHandler for div.bq-section = 1 [1994]
    UNKNOWN_TAG - IdentifyHandler for div.primary-content = 2 [2026,3532]
    UNKNOWN_TAG - Unknown attribute given - width,border,cellspacing,cellpadding = 1 [2430]
    UNKNOWN_TAG - IdentifyHandler for dl = 18 [2447,2448,2455,2820,3002,3009,3455,3456,3647,3655,3665,3666,3957,4013,4015,4593,4603,6185]
    UNKNOWN_TAG - Unknown attribute given - cellpadding,cellspacing = 1 [2579]
    UNKNOWN_TAG - IdentifyHandler for div.disclaimer-container = 1 [2601]
    UNKNOWN_TAG - JumbotronHandlerVariant_PrimaryKeyDetails-ConditionNotMet#1 = 28 [2721,5059,5787,5807,5809,5810,5812,5833,6220,6221,6225,6237,6242,6312,6313,6314,6316,6317,6319,6321,6322,6778,7178,10073,10292,10501,11269,26250]
    Unmatched selector:   = 1 [3006]
    UNKNOWN_TAG - BlockQuoteHandler-ConditionNotMet#1 = 3 [3369,4880,6162]
    UNKNOWN_TAG - IdentifyHandler for div.col-xs-12.col-sm-6.col-md-5.news-widget.insurance-life.pull-right = 12 [3521,5731,5732,5733,5734,5735,5736,5737,5854,5855,6437,10318]
    UNKNOWN_TAG - IdentifyHandler for div.panel.panel-default = 14 [3573,4988,9939,24880,24881,25540,25549,25552,25555,25588,25593,25701,25703,25704]
    UNKNOWN_TAG - IdentifyHandler for div.tax-form = 1 [3672]
    UNKNOWN_TAG - IdentifyHandler for div.col-sm-12.list-group-item.text-center = 1 [3690]
    UNKNOWN_TAG - IdentifyHandler for center = 7 [3747,3748,3750,3951,4177,4183,12378]
    UNKNOWN_TAG - IdentifyHandler for div.coupons-tc = 2 [3999,12900]
    UNKNOWN_TAG - IdentifyHandler for h1.txt-bold = 1 [4260]
    UNKNOWN_TAG - IdentifyHandler for div.panel-heading = 1 [4606]
    UNKNOWN_TAG - IdentifyHandler for div.tcenter = 11 [4861,5890,6258,9682,10324,10477,10481,10492,10493,10494,10803]
    UNKNOWN_TAG - IdentifyHandler for big = 1 [4866]
    UNKNOWN_TAG - IdentifyHandler for div.col-md-6.col-xs-6.col.sm-6 = 2 [4932,6974]
    UNKNOWN_TAG - IdentifyHandler for div.nb-table.col-md-12 = 1 [4941]
    UNKNOWN_TAG - IdentifyHandler for section = 10 [4983,8802,10075,10076,10498,10500,10502,10730,10731,12880]
    UNKNOWN_TAG - IdentifyHandler for div.news-widget.insurance-weekpick.pull-right = 4 [5143,6374,6429,10302]
    UNKNOWN_TAG - AccordionHandler-ConditionNotMet#4 = 1 [5345]
    UNKNOWN_TAG - IdentifyHandler for div.row.btm-pad.tcenter = 1 [5425]
    UNKNOWN_TAG - IdentifyHandler for div.col-md-12.lp-widget.lp-widget-table.clearfix = 1 [5568]
    UNKNOWN_TAG - IdentifyHandler for picture = 25 [5569,5571,5573,5574,5576,5577,5578,5579,5581,5582,5583,5584,5585,5643,5646,5647,5648,5649,5650,5651,5652,5653,12755,27134,27139]
    UNKNOWN_TAG - IdentifyHandler for div.Product-content = 1 [5704]
    UNKNOWN_TAG - IdentifyHandler for div.row.news-widget = 32 [5786,7725,7732,10034,10699,11342,12119,21514,25522,25541,25550,25551,25559,25560,25562,25567,25577,25579,25581,25586,25598,25614,25615,25617,25618,25622,25644,25649,25657,25658,25662,25680]
    UNKNOWN_TAG - JumbotronHandlerVariant_PrimaryKeyDetails-ConditionNotMet#2 = 2 [6239,9225]
    UNKNOWN_TAG - IdentifyHandler for div.panel-collapse.collapse = 2 [6404,6694]
    UNKNOWN_TAG - IdentifyHandler for srtrong = 2 [6749,7726]
    UNKNOWN_TAG - IdentifyHandler for div.col-md-12.list-group-item.bg-pelorous.lp-widget.clearfix = 1 [6779]
    UNKNOWN_TAG - IdentifyHandler for div.col-md-5.news-widget.pull-right = 11 [6785,6793,6794,6795,6796,6797,6798,6799,6800,6801,6802]
    UNKNOWN_TAG - GridHandler-CannotExtractCell = 1 [6939]
    UNKNOWN_TAG - IdentifyHandler for span.pull-right = 1 [7027]
    UNKNOWN_TAG - IdentifyHandler for div.modal.fade.bs-example-modal-lg.infographic-modal = 1 [7111]
    Maximum call stack size exceeded = 5 [7353,9417,9425,24487,26947]
    UNKNOWN_TAG - IdentifyHandler for h1.tcenter = 1 [7420]
    UNKNOWN_TAG - IdentifyHandler for act = 1 [7695]
    UNKNOWN_TAG - IdentifyHandler for div.col-md-12.pad-10.tabular-data.border-gallery.border-top-blue = 4 [7767,7818,26200,26201]
    UNKNOWN_TAG - IdentifyHandler for title = 1 [8329]
    UNKNOWN_TAG - IdentifyHandler for address = 7 [8474,8512,8515,11143,11236,11240,11251]
    UNKNOWN_TAG - IdentifyHandler for div.col-md-4.lp-widget.lp-widget-table.clearfix.pull-right = 1 [8551]
    UNKNOWN_TAG - Unknown attribute given - target = 2 [9101,24272]
    UNKNOWN_TAG - IdentifyHandler for div.col-md-12.col-sm-12.col-xs-12.news-widget.insurance-weekpick.pull-right = 1 [9345]
    MULTIPLE_FAQ = 1 [9361]
    UNKNOWN_TAG - IdentifyHandler for div.adt = 41 [9688,10451,10455,10459,10464,10465,10523,10524,10527,10628,10684,10696,11367,11527,11673,11674,11739,12367,12368,12369,12370,12770,12798,12929,12930,12931,12932,12934,12935,12936,12937,12938,12939,12940,12941,12942,12946,19545,19856,25072,26625]
    UNKNOWN_TAG - IdentifyHandler for div.col-xs-12.col-sm-6.col-md-5.news-widget.pull-right = 1 [9809]
    UNKNOWN_TAG - Unknown attribute given - itemprop = 3 [10082,12022,24827]
    GRID_MULTIPLE_ITEMS_IN_CELL = 1 [10263]
    UNKNOWN_TAG - IdentifyHandler for div.lp-banner.col-xs-12.col-sm-12.bg-yellow = 7 [10336,10337,10339,10340,10341,10342,12377]
    UNKNOWN_TAG - IdentifyHandler for div.panel-collapse.collapse.in = 1 [10416]
    UNKNOWN_TAG - IdentifyHandler for div.border-blue.tabular-data.col-md-12.btm-pad-10 = 5 [10468,10949,19882,19883,19885]
    UNKNOWN_TAG - IdentifyHandler for div.pull-right.btm-pad.img-responsive = 2 [10607,11130]
    UNKNOWN_TAG - IdentifyHandler for div.productIcons = 4 [10644,10645,10650,10652]
    UNKNOWN_TAG - IdentifyHandler for span = 9 [10654,10943,11155,11631,11632,11633,26366,26430,26432]
    UNKNOWN_TAG - IdentifyHandler for div.lp-banner.col-xs-12.col-sm-12 = 1 [10773]
    UNKNOWN_TAG - IdentifyHandler for figure.pull-left = 1 [11038]
    UNKNOWN_TAG - FeaturedOffersHandlerVariant_Template-ConditionNotMet#1 = 1 [11059]
    UNKNOWN_TAG - IdentifyHandler for div.disclaimer-btm-section = 1 [11186]
    UNKNOWN_TAG - IdentifyHandler for div.border-gallery.border-left-malibu.bg-mint-tulip = 1 [11234]
    UNKNOWN_TAG - IdentifyHandler for div.product-content.infographics = 1 [11463]
    UNKNOWN_TAG - IdentifyHandler for div.col-md-12.col-xs-12.news-widget.insurance-weekpick = 2 [15717,15723]
    Cannot read property 'items' of undefined = 19 [24388,24389,24390,24392,24393,24394,24395,24396,24397,24398,24399,24400,24401,24405,24406,24407,24408,24409,24410]
    UNKNOWN_TAG - IdentifyHandler for div.tabular-data = 1 [24952]
    UNKNOWN_TAG - CTAHandlerVariant_ProductLandingBlock-ConditionNotMet#3 = 4 [25287,25288,25291,25292]
    UNKNOWN_TAG - IdentifyHandler for div.product-landing-content = 5 [25520,25572,25620,25668,25673]
    UNKNOWN_TAG - IdentifyHandler for div.tcenter.bigtxt = 21 [25527,25529,25534,25536,25538,25557,25563,25565,25566,25570,25576,25590,25594,25604,25612,25634,25642,25672,25682,25687,25714]
    UNKNOWN_TAG - IdentifyHandler for pl = 1 [25671]
    UNKNOWN_TAG - IdentifyHandler for div.bbfooter = 1 [25813]
    UNKNOWN_TAG - IdentifyHandler for div.pad-10.bg-morning-glory.text-center.clearfix.tabular-data = 1 [25874]
    UNKNOWN_TAG - AccordionHandler-ConditionNotMet#6 = 1 [26011]
    UNKNOWN_TAG - IdentifyHandler for div.bg-banner-widget-m = 3 [26189,26829,27182]
    UNKNOWN_TAG - IdentifyHandler for span.pad-10 = 1 [26834]
    UNKNOWN_TAG - IdentifyHandler for div.tab-content = 1 [27050]


